--------------------------------------------------------------------------------
Training:
================================================================================
ConfusionMatrix:
[[        0   130446   459352   108409   380680   133370   525361   125240   241375   182550   186627    30585]   0.000% 	[class: Void]
 [        0 10155495    84552    51130        1       41   385051     3907      107     2340       15      128]   95.064% 	[class: Sky]
 [        0    86328 12704118   208867    12051   133351   365705   344052   307195   261178   317622     9612]   86.129% 	[class: Building]
 [        0    22720   161613   202735     1981    20115    86182    43528    25552    16449    37319     5155]   32.524% 	[class: Column-Pole]
 [        0       24     5858    12001 19378854   450795    11237     1762     6674   179906     6690    23079]   96.523% 	[class: Road]
 [        0        0    32127    27930   110715  2524941    13721      307    41702    46780    27901    18961]   88.747% 	[class: Sidewalk]
 [        0   213152   180497    85490     8114    27979  5173603    95221   273309    83189    10989    15219]   83.895% 	[class: Tree]
 [        0      956   142278    23356      226      959    49956   496741     7613    19009     2360      405]   66.779% 	[class: Sign-Symbol]
 [        0        5    23317     3214      172    13375    31316     2164   615358     7943    14693     3038]   86.113% 	[class: Fence]
 [        0      395    45270     9130    49636    24765    30541    24364    35596  3437142    36911    26127]   92.399% 	[class: Car]
 [        0        2    39354    13171     2020    14867     4388      578    29289    20291   263520    17905]   65.005% 	[class: Pedestrian]
 [        0        5     1838     2712     1459     3274     1393       64     5785     9448    16067   142922]]  77.269% 	[class: Bicyclist]
 + average row correct: 72.537292540073% 
 + average rowUcol correct (VOC measure): 52.812741448482% 
 + global correct: 86.877190243718%
--------------------------------------------------------------------------------
Testing:
================================================================================
ConfusionMatrix:
[[       0   12078   32480   10000    7468   17640    7236    5421  101856   11402   64674   27016]   0.000% 	[class: Void]
 [       0 1573371    2555     801       0       0   24729       6       0      33       0     125]   98.236% 	[class: Sky]
 [       0   34348 3638965   42826    1600  210004   52783   60518  126749   45746  282506   35135]   80.309% 	[class: Building]
 [       0       0   38167   14713       0    2551   16158    4869   13578     286    7707     470]   14.937% 	[class: Column-Pole]
 [       0       4    3735     375 4785294  160611       1       0      35   10321    8682   84118]   94.699% 	[class: Road]
 [       0       0   12888    1190   43830 1443223       0       0     879    1782    9983    7976]   94.840% 	[class: Sidewalk]
 [       0   46481   28869   20783      14      17 2561235   98919   92939     101    1244     523]   89.832% 	[class: Tree]
 [       0      22   60149    4224       0       0   13094   69721    2384    4656    1173     301]   44.772% 	[class: Sign-Symbol]
 [       0       0   52192   16698       2     405   25725    3188  415076    1645   16551    5715]   77.267% 	[class: Fence]
 [       0       2     913     340    6566    6540      44      21     651  259966    3710   25963]   85.314% 	[class: Car]
 [       0       0   19487     672      28    2341     111      14    4601     613   80839    4825]   71.204% 	[class: Pedestrian]
 [       0      78    9181     933    1532    1357      24       0     244    5034   61786  306841]]  79.285% 	[class: Bicyclist]
 + average row correct: 69.224699089924% 
 + average rowUcol correct (VOC measure): 52.768020518124% 
 + global correct: 86.801223872387%
--------------------------------------------------------------------------------